Correct : 000010000010000010000010010000010000010000010000000010000010000010000010111000111000111000111000000111000111000111000111001000001000001000001000000001000001000001000001001000001000001000001000


000 010 000 010 000 010 000 010
010 000 010 000 010 000 010 000
000 010 000 010 000 010 000 010
111 000 111 000 111 000 111 000
000 111 000 111 000 111 000 111
001 000 001 000 001 000 001 000
000 001 000 001 000 001 000 001
001 000 001 000 001 000 001 000










Wrong : 010111010111010111010111111010111010111010111010010111010111010111010111111000111000111000111000000111000111000111000111111001111001111001111001001111001111001111001111111001111001111001111001



010 111 010 111 010 111 010 111
111 010 111 010 111 010 111 010
010 111 010 111 010 111 010 111
111 000 111 000 111 000 111 000
000 111 000 111 000 111 000 111
111 001 111 001 111 001 111 001
001 111 001 111 001 111 001 111
111 001 111 001 111 001 111 001




Perpously WRONG:


010 111 010 111 010 111 010 111
111 010 111 010 111 010 111 010
010 111 010 111 010 111 010 111
111 000 111 000 111 000 111 000
000 111 000 111 000 111 000 111
111 001 111 001 111 001 111 001
001 111 001 111 001 111 001 111
111 101 111 001 111 001 111 001



010111010111010111010111111010111010111010111010010111010111010111010111111000111000111000111000000111000111000111000111111001111001111001111001001111001111001111001111111101111001111001111001